,time,value
0,1643209350.8576105,0.0
1,1643212935.2768009,0.0
2,1643212935.6113012,0.0
3,1643212936.1263077,0.0
4,1643241786.963915,1.0
5,1643318832.3010051,0.0
6,1643318832.7872186,0.0
7,1643318833.2639089,0.0
8,1643318833.837281,0.0
9,1643319439.8514771,-1.0
10,1643319441.0850937,-1.0
11,1643319441.274708,-1.0
12,1643319746.1145175,2.0
13,1643319746.3270497,0.0
14,1643320048.461843,0.0
15,1643320048.5750604,0.0
16,1643320048.6803994,-1.0
17,1643321229.826558,0.0
18,1643321838.3124719,0.0
19,1643321839.358617,0.0
20,1643322438.155641,1.0
21,1643323637.5410807,-1.0
22,1643323637.7976384,-1.0
23,1643323638.2876604,0.0
24,1643324237.1380394,0.0
25,1643324237.2889144,0.0
26,1643324237.6513405,1.0
27,1643324543.9437037,-1.0
28,1643324544.6295943,0.0
29,1643324825.4507968,0.0
30,1643325129.6658888,1.0
31,1643325473.6123476,0.0
32,1643325473.978844,0.0
33,1643325474.1608343,1.0
34,1643325474.472053,0.0
35,1643325728.9240813,0.0
36,1643326336.2345386,0.0
37,1643326650.952188,0.0
38,1643326651.0548182,-1.0
39,1643327821.5205722,0.0
40,1643407609.797767,-1.0
41,1643407610.035958,-1.0
42,1643407923.9006965,0.0
43,1643408210.4075859,0.0
44,1643408823.7101653,0.0
45,1643408823.8946693,0.0
46,1643408824.2119813,-1.0
47,1643409699.1365662,0.0
48,1643410313.6132336,0.0
49,1643410313.7252874,0.0
50,1643410313.9475973,0.0
51,1643411203.9532752,1.0
52,1643411204.328927,-1.0
53,1643411503.4858608,0.0
54,1643411833.5965998,0.0
55,1643411833.7626348,0.0
56,1643412103.127907,0.0
57,1643413013.6965873,0.0
58,1643413329.488544,-1.0
59,1643414212.7164233,0.0
60,1643414509.484367,-1.0
61,1643414511.4705696,0.0
62,1643416605.3061059,0.0
63,1643493706.3134763,1.0
64,1643494918.4101832,1.0
65,1643494918.6458905,0.0
66,1643494918.9794226,0.0
67,1643495790.8857493,0.0
68,1643496255.3796344,0.0
69,1643497333.3801477,0.0
70,1643497333.6428094,0.0
71,1643497600.2807348,0.0
72,1643497913.2581048,2.0
73,1643498198.399634,0.0
74,1643498198.522954,0.0
75,1643498693.8462653,0.0
76,1643498693.9646332,0.0
77,1643499295.909923,0.0
78,1643499296.5258613,0.0
79,1643499399.8765843,0.0
80,1643499959.415356,1.0
81,1643500690.7787776,1.0
82,1643501188.6093466,0.0
83,1643503930.7977052,1.0
84,1643590986.7777648,1.0
85,1643594543.790524,0.0
86,1643594543.918587,0.0
87,1643598136.738295,1.0
88,1643598138.7006881,-1.0
89,1643601725.8394704,0.0
90,1643601729.4097664,1.0
91,1643605339.542233,0.0
92,1643605341.0764594,1.0
93,1643605341.9371457,0.0
94,1643608956.9998138,2.0
95,1643608960.344144,-1.0
96,1643608960.5297399,-1.0
97,1643608960.6662748,0.0
98,1643612580.8351316,1.0
99,1643616141.9691072,0.0
100,1643616143.1415074,-1.0
101,1643619746.7153463,0.0
102,1643623337.0894313,0.0
103,1643623338.109518,0.0
104,1643626936.764139,0.0
105,1643630547.9335122,0.0
106,1643634131.0874724,-1.0
107,1643637744.510476,0.0
108,1643641341.602447,-1.0
109,1643641344.7124894,0.0
110,1643641344.9974236,2.0
111,1643644937.2382994,-1.0
112,1643648529.2732267,4.0
113,1643648529.3804822,0.0
114,1643652130.137092,0.0
115,1643655727.9439023,0.0
116,1643659344.4226675,0.0
117,1643659347.2221243,0.0
118,1643662949.1199596,4.0
119,1643670147.50057,0.0
120,1643673752.9923625,4.0
121,1643673757.8484733,0.0
122,1643673760.7104769,0.0
123,1643673764.8530486,0.0
124,1643680965.3327272,4.0
125,1643680966.5782745,0.0
126,1643680968.185302,-1.0
127,1643684539.1846874,0.0
128,1643684540.07095,0.0
129,1643684544.5784152,0.0
130,1643688153.9137523,-1.0
131,1643688157.5505555,0.0
132,1643695362.072823,-1.0
133,1643698988.9297254,1.0
134,1643709748.7188382,1.0
135,1643713356.962922,0.0
136,1643713357.6703973,0.0
137,1643716943.5268357,0.0
138,1643716944.0897768,0.0
139,1643720532.341456,0.0
140,1643724140.891096,0.0
141,1643724142.5204446,0.0
142,1643724143.151886,2.0
143,1643724144.0934007,-1.0
144,1643734933.888878,0.0
145,1643734936.5162535,4.0
146,1643742135.9948208,1.0
147,1643745745.434696,0.0
148,1643749349.8316746,0.0
149,1643749350.2344651,1.0
150,1643749353.531833,1.0
151,1643756558.5451398,-1.0
152,1643756559.4397,4.0
153,1643763752.4768841,0.0
154,1643763755.1973908,1.0
155,1643763755.7923262,0.0
156,1643767361.3053255,0.0
157,1643767361.7637308,0.0
158,1643767366.5186558,-1.0
159,1643774547.1845152,0.0
160,1643778141.5000145,-1.0
161,1643778143.770126,0.0
162,1643788941.4562812,0.0
163,1643792535.0127044,0.0
164,1643792536.7976086,0.0
165,1643792537.3611002,0.0
166,1643796138.0730495,-1.0
167,1643796138.6478066,-1.0
168,1643796140.0978808,0.0
169,1643799722.6698475,-1.0
170,1643814115.4398382,0.0
171,1643814117.7289698,0.0
172,1643814118.5038915,0.0
173,1643817731.0375004,-1.0
174,1643817732.6283467,4.0
175,1643828527.9518452,-1.0
176,1643828529.3027527,-1.0
177,1643832132.337874,0.0
178,1643832133.1420052,-1.0
179,1643835736.1065135,0.0
180,1643835736.6216187,1.0
181,1643835738.293308,0.0
182,1643835739.0630653,0.0
183,1643839336.5663924,-1.0
184,1643842965.2064247,-1.0
185,1643846571.9679933,0.0
186,1643846575.194342,0.0
187,1643922774.3771832,0.0
188,1643923516.358389,0.0
189,1643923695.274167,0.0
190,1643923695.6478226,0.0
191,1643924209.1097975,0.0
192,1643924423.783739,0.0
193,1643926016.558501,0.0
194,1643926016.7779534,0.0
195,1643926556.4077818,0.0
196,1643927292.233652,0.0
197,1643928018.4197478,0.0
198,1643928185.3245144,1.0
199,1643928185.4407372,0.0
200,1643928185.6199107,-1.0
201,1643928905.3964393,0.0
202,1643929292.2628667,0.0
203,1643930350.4907892,-1.0
204,1643930891.7913578,0.0
205,1643931788.3511677,1.0
206,1643931788.586841,0.0
207,1643931788.7231944,0.0
208,1643931973.7701612,0.0
209,1643932343.5808253,0.0
210,1643932688.6333728,0.0
211,1643933563.0722888,0.0
212,1643933563.2179706,1.0
213,1643933819.8485878,-1.0
214,1643934142.1331506,0.0
215,1643936560.2220485,0.0
216,1644010356.8266804,-1.0
217,1644010357.0819426,0.0
218,1644011228.0576108,0.0
219,1644011228.582206,0.0
220,1644011574.2449405,0.0
221,1644011828.1535451,0.0
222,1644012192.9975781,0.0
223,1644012193.4781818,1.0
224,1644013066.0232599,0.0
225,1644013348.3641593,1.0
226,1644013634.4936984,1.0
227,1644014566.0049865,0.0
228,1644014566.7577236,0.0
229,1644014567.7281,0.0
230,1644015148.115038,0.0
231,1644015420.3252733,0.0
232,1644015420.6380124,0.0
233,1644016038.6779327,-1.0
234,1644016362.5855775,0.0
235,1644016663.093178,1.0
236,1644016663.3271286,1.0
237,1644016932.9207473,-1.0
238,1644016933.0412755,0.0
239,1644017558.4240243,0.0
240,1644017828.6914132,0.0
241,1644018428.9227955,0.0
242,1644018429.05885,0.0
243,1644019072.8715181,0.0
244,1644019073.078135,1.0
245,1644097041.0261467,0.0
246,1644097369.3813322,0.0
247,1644097970.1157937,-1.0
248,1644097970.2308931,1.0
249,1644097970.7468758,0.0
250,1644098225.7157145,1.0
251,1644098226.124204,0.0
252,1644098564.402515,0.0
253,1644098893.7661214,0.0
254,1644099163.8122704,1.0
255,1644099451.3369503,0.0
256,1644099452.1003354,0.0
257,1644099766.598028,0.0
258,1644100369.4980814,0.0
259,1644100369.8476179,0.0
260,1644100655.0613277,3.0
261,1644100967.8987076,1.0
262,1644101271.3696375,-1.0
263,1644103061.0709882,0.0
264,1644103061.2699256,0.0
265,1644103359.618407,0.0
266,1644103961.909921,2.0
267,1644104244.2591352,-1.0
268,1644104860.589245,0.0
269,1644104861.143526,-1.0
270,1644105162.75234,1.0
271,1644105162.9271042,0.0
272,1644105780.0486715,0.0
273,1644106066.0535703,0.0
274,1644106066.2488763,0.0
275,1644179536.112916,-1.0
276,1644181006.8615315,0.0
277,1644181909.2212927,2.0
278,1644182512.1341367,0.0
279,1644182512.2868338,0.0
280,1644183410.7813299,-1.0
281,1644183697.4302135,0.0
282,1644183996.0531015,-1.0
283,1644183996.1879575,1.0
284,1644187319.6031501,-1.0
285,1644187319.7288504,0.0
286,1644206513.4319713,0.0
287,1644206516.107091,-1.0
288,1644213724.3472912,0.0
289,1644217347.5137112,0.0
290,1644217348.0969825,1.0
291,1644220922.3874016,2.0
292,1644231717.8333497,0.0
293,1644235342.7634747,1.0
294,1644235343.126625,0.0
295,1644235343.489391,2.0
296,1644238923.5668604,0.0
297,1644242513.6728086,-1.0
298,1644242513.9024491,0.0
299,1644249741.8964772,1.0
300,1644264134.902685,0.0
301,1644264135.9431803,4.0
302,1644285754.7124605,0.0
303,1644300161.973635,0.0
304,1644310916.1316009,0.0
305,1644325330.2932281,-1.0
306,1644350522.8716354,0.0
307,1644361347.6512606,0.0
308,1644368565.992339,0.0
309,1644368568.1355512,0.0
310,1644379356.9546654,4.0
311,1644397363.8008623,0.0
312,1644400947.4839902,1.0
313,1644418904.856165,-1.0
314,1644433316.8056588,2.0
315,1644436940.698735,0.0
316,1644440517.476839,1.0
317,1644447750.7429469,1.0
318,1644518230.55379,0.0
319,1644518230.683559,0.0
320,1644518230.8175976,-1.0
321,1644518513.729214,0.0
322,1644519114.3524554,0.0
323,1644520318.2547538,0.0
324,1644520620.9631455,0.0
325,1644520621.5790977,0.0
326,1644521810.1992786,0.0
327,1644522410.6890001,-1.0
328,1644523625.1907656,-1.0
329,1644524221.1757517,0.0
330,1644524519.3610475,1.0
331,1644524519.4899845,0.0
332,1644525426.1606128,0.0
333,1644525428.4703515,-1.0
334,1644526338.5462997,0.0
335,1644526339.1760588,0.0
336,1644526339.2973354,0.0
337,1644526625.1196947,0.0
338,1644535615.7864032,0.0
339,1644535616.613677,2.0
340,1644535923.5548885,0.0
341,1644536219.8021324,0.0
342,1644536806.5150013,0.0
343,1644537410.523686,-1.0
344,1644538326.3221586,0.0
345,1644538326.5441692,0.0
346,1644538328.6623008,0.0
347,1644538927.0390623,0.0
348,1644538927.5165768,-2.0
349,1644539823.63898,-1.0
350,1644540422.9862313,0.0
351,1644540723.2976813,0.0
352,1644541323.6715455,0.0
353,1644542429.6188304,0.0
354,1644542429.8637471,0.0
355,1644543077.439401,-1.0
356,1644591755.751272,1.0
357,1644603716.2721398,0.0
358,1644603716.5750656,0.0
359,1644604317.7051651,0.0
360,1644605221.6024985,0.0
361,1644605551.735979,-1.0
362,1644605551.951714,1.0
363,1644607035.1660576,0.0
364,1644607035.3646307,-1.0
365,1644607035.539542,-1.0
366,1644607035.6811683,-1.0
367,1644607958.6673474,-1.0
368,1644608540.515371,1.0
369,1644609129.9613726,0.0
370,1644609412.3060532,0.0
371,1644610331.6110098,-1.0
372,1644610631.9061368,1.0
373,1644610935.9778504,0.0
374,1644612148.5842168,-1.0
375,1644612148.7430103,0.0
376,1644613438.3725724,0.0
377,1644621125.9184635,-1.0
378,1644621458.3201838,0.0
379,1644621458.843945,-1.0
380,1644621459.0218952,-1.0
381,1644622332.0018463,0.0
382,1644622932.4193938,-1.0
383,1644623817.7476373,0.0
384,1644623818.0711486,0.0
385,1644623818.2047875,-1.0
386,1644624781.480579,0.0
387,1644625932.6311812,0.0
388,1644626546.019924,-1.0
389,1644627145.5442877,0.0
390,1644627772.4345427,0.0
391,1644628300.8997142,0.0
392,1644628301.0469406,0.0
393,1644628301.187114,0.0
394,1644628628.5556498,-1.0
395,1644628628.6968203,0.0
396,1644628628.8286793,-1.0
397,1644699699.3479729,1.0
398,1644699998.8035393,0.0
399,1644699998.9496088,-1.0
400,1644700886.6941257,1.0
401,1644700887.1218514,0.0
402,1644701797.5345857,0.0
403,1644702082.7172356,0.0
404,1644702697.048576,-1.0
405,1644702697.178855,-1.0
406,1644704182.827567,0.0
407,1644704497.9173024,0.0
408,1644705396.9548042,1.0
409,1644705397.140621,0.0
410,1644708393.2002535,0.0
411,1644709284.8549466,-1.0
412,1644783998.4054632,-1.0
413,1644784600.67209,0.0
414,1644784600.8109107,0.0
415,1644786101.5608652,1.0
416,1644786412.734217,-1.0
417,1644786711.8329246,0.0
418,1644787599.0229475,0.0
419,1644787599.2715476,0.0
420,1644787927.2813537,-1.0
421,1644787927.5285144,0.0
422,1644789111.877168,-1.0
423,1644789731.8406155,0.0
424,1644789732.0007918,1.0
425,1644790209.292151,0.0
426,1644792897.2708354,1.0
427,1644818556.4683733,-1.0
428,1644818558.4345412,0.0
429,1644825717.1533535,2.0
430,1644825717.420149,0.0
431,1644829317.2545192,-1.0
432,1644836517.5412688,0.0
433,1644840136.8011086,1.0
434,1644840137.158615,1.0
435,1644843699.758237,-1.0
436,1644847325.0689769,0.0
437,1644858110.3565135,2.0
438,1644861711.7669508,0.0
439,1644868932.1393569,0.0
440,1644868932.927444,1.0
441,1644868934.5441587,-1.0
442,1644872527.6590314,1.0
443,1644872529.4764547,-1.0
444,1644876102.5913534,1.0
445,1644876103.1803293,-1.0
446,1644879734.4141312,0.0
447,1644879734.6063037,-1.0
448,1644879736.7367778,1.0
449,1644883384.8811266,0.0
450,1644894152.5361643,1.0
451,1644894153.0973158,0.0
452,1644901343.766949,1.0
453,1644901349.048301,1.0
454,1644904966.46856,1.0
455,1644908584.1406176,2.0
456,1644908584.309597,0.0
457,1644908585.22935,0.0
458,1644908585.9373374,0.0
459,1644919349.1367736,0.0
460,1644919349.839322,0.0
461,1644930133.422594,0.0
462,1644930134.0180538,-1.0
463,1644955331.8852398,0.0
464,1644962525.0723386,-1.0
465,1644966145.786029,0.0
466,1644969766.4660404,0.0
467,1644969768.382954,1.0
468,1644973380.3798058,0.0
469,1644976987.7378573,0.0
470,1644976989.497257,2.0
471,1644991374.4918928,-1.0
472,1645002134.8135383,0.0
473,1645002136.4732227,1.0
474,1645005737.9340053,-1.0
475,1645005740.4140863,0.0
476,1645016520.350816,1.0
477,1645016522.2213502,0.0
478,1645020128.2907414,1.0
479,1645020128.593745,0.0
480,1645030906.4269066,0.0
481,1645048917.6143894,0.0
482,1645124228.4832897,0.0
483,1645125129.2564826,1.0
484,1645125129.5598457,0.0
485,1645125130.319042,-1.0
486,1645125999.8876882,2.0
487,1645126595.8554,-1.0
488,1645126595.9738345,-1.0
489,1645126911.9175923,0.0
490,1645127195.051473,-1.0
491,1645128720.5351596,-1.0
492,1645128721.2526078,0.0
493,1645129914.0593033,1.0
494,1645130800.3859587,1.0
495,1645130800.8196657,0.0
496,1645131736.814519,-1.0
497,1645132016.5123782,0.0
498,1645141009.7251508,-1.0
499,1645141009.8393993,0.0
500,1645141009.9670084,2.0
501,1645141608.4717047,0.0
502,1645141941.2829998,1.0
503,1645142826.7643442,1.0
504,1645143205.097273,0.0
505,1645143205.2941027,0.0
506,1645144597.0708964,0.0
507,1645144597.2523522,0.0
508,1645145512.638487,2.0
509,1645146525.6172416,0.0
510,1645147018.8780363,0.0
511,1645147019.146201,0.0
512,1645147696.0011435,0.0
513,1645147696.1480188,0.0
514,1645147958.9287267,0.0
515,1645148243.2680726,0.0
516,1645210621.491086,0.0
517,1645210622.4134283,0.0
518,1645210939.3506238,0.0
519,1645211203.8642805,1.0
520,1645212153.476525,0.0
521,1645212743.6467707,0.0
522,1645212744.3867064,-1.0
523,1645213357.4959338,0.0
524,1645214227.335686,0.0
525,1645214228.1924582,0.0
526,1645215417.690636,0.0
527,1645216388.8427796,0.0
528,1645216642.1076522,1.0
529,1645217528.7449362,0.0
530,1645217529.174452,0.0
531,1645217529.8882146,1.0
532,1645218153.9296944,0.0
533,1645226547.4617257,0.0
534,1645227419.0952399,1.0
535,1645227419.4664009,1.0
536,1645227767.890569,0.0
537,1645228336.8253727,-2.0
538,1645228980.2027452,0.0
539,1645229280.6567934,0.0
540,1645229548.52078,0.0
541,1645229818.4285727,0.0
542,1645231620.8280313,1.0
543,1645231620.9702253,-1.0
544,1645232526.681054,0.0
545,1645233416.7497334,0.0
546,1645233416.960524,0.0
547,1645234041.7441242,1.0
548,1645234041.8754256,0.0
549,1645305986.9065723,0.0
550,1645306319.8055341,-1.0
551,1645306605.3412204,0.0
552,1645306606.6954606,0.0
553,1645307207.6645901,0.0
554,1645308716.1013675,0.0
555,1645308997.609014,-1.0
556,1645309603.5823514,0.0
557,1645309603.7385044,0.0
558,1645310195.192489,0.0
559,1645310195.8656988,1.0
560,1645310491.4874873,-1.0
561,1645310491.994387,0.0
562,1645310809.0326445,0.0
563,1645311107.7121415,0.0
564,1645312012.2659705,0.0
565,1645312012.437598,0.0
566,1645312012.581317,0.0
567,1645312641.7609177,-1.0
568,1645313196.8526983,0.0
569,1645313197.0758924,0.0
570,1645390014.4691298,0.0
571,1645390014.846402,-1.0
572,1645390300.6013267,-2.0
573,1645390300.9468448,0.0
574,1645390616.4151268,0.0
575,1645391820.6550467,-1.0
576,1645392421.2234664,1.0
577,1645393622.2034595,0.0
578,1645393937.2789993,1.0
579,1645394522.898038,0.0
580,1645394523.123558,0.0
581,1645394808.6599538,-1.0
582,1645395428.136961,0.0
583,1645395428.6866205,0.0
584,1645396027.3365715,1.0
585,1645396327.6025226,0.0
586,1645396624.4070117,0.0
587,1645396909.0989022,0.0
588,1645396909.2433367,0.0
589,1645397241.8964963,0.0
590,1645397242.056456,0.0
591,1645408930.836951,0.0
592,1645426937.605221,0.0
593,1645434122.7936146,-1.0
594,1645441313.234985,-1.0
595,1645444930.9030385,0.0
596,1645448514.4639676,1.0
597,1645452132.2670796,1.0
598,1645452134.917192,2.0
599,1645455712.749748,0.0
600,1645459312.0352702,0.0
601,1645462913.8111424,4.0
602,1645477317.4320405,-1.0
603,1645477317.751387,-1.0
604,1645480904.1272264,0.0
605,1645480906.5211134,0.0
606,1645480908.7290912,-1.0
607,1645480909.0465531,1.0
608,1645484541.9581878,0.0
609,1645484542.721406,4.0
610,1645488173.194074,0.0
611,1645491767.7416627,0.0
612,1645513348.9928443,4.0
613,1645516921.902394,-1.0
614,1645524141.3372297,1.0
615,1645527738.451318,-1.0
616,1645527740.9990215,0.0
617,1645531313.5253808,4.0
618,1645531315.687395,-1.0
619,1645534915.8748486,0.0
620,1645538530.9014814,-1.0
621,1645542122.6499047,0.0
622,1645542126.5754232,0.0
623,1645545719.4895518,-1.0
624,1645549314.9787812,0.0
625,1645552902.8006883,-1.0
626,1645552906.444514,0.0
627,1645556609.970675,-1.0
628,1645574573.8950684,0.0
629,1645574575.7519212,0.0
630,1645574576.3681166,0.0
631,1645581735.0810149,0.0
632,1645581737.8665397,-1.0
633,1645585346.7415304,-1.0
634,1645585349.2343411,4.0
635,1645588954.613513,-1.0
636,1645588958.6048474,0.0
637,1645592564.6252155,2.0
638,1645603332.4632187,0.0
639,1645603333.7696786,1.0
640,1645606918.7326012,0.0
641,1645610527.682765,4.0
642,1645617751.4622703,-1.0
643,1645621318.019553,1.0
644,1645624912.5772161,0.0
645,1645624913.8979247,2.0
646,1645624914.2432296,2.0
647,1645628513.1232128,-1.0
648,1645628513.983878,1.0
649,1645628516.2266667,0.0
650,1645632102.1064944,0.0
651,1645635704.1368542,1.0
652,1645635706.7960474,1.0
653,1645635707.648792,0.0
654,1645642914.2288742,0.0
655,1645646510.2239408,0.0
656,1645650116.7693007,-1.0
657,1645650118.066042,1.0
658,1645653712.4591525,1.0
659,1645657350.9954786,1.0
660,1645660981.0701988,2.0
661,1645719430.8192832,0.0
662,1645719432.0297883,0.0
663,1645719713.6731088,0.0
664,1645720012.6913471,0.0
665,1645720338.3450706,-1.0
666,1645721222.713188,0.0
667,1645721223.0563183,0.0
668,1645721223.6426523,-1.0
669,1645721223.8432212,0.0
670,1645722109.2223034,0.0
671,1645722109.3997571,0.0
672,1645722397.4259353,0.0
673,1645722999.7961714,0.0
674,1645723000.1213772,1.0
675,1645723313.7541265,0.0
676,1645723313.92208,0.0
677,1645724823.4888353,0.0
678,1645725136.2658904,0.0
679,1645725418.8985133,0.0
680,1645725419.5913591,0.0
681,1645726020.1550405,0.0
682,1645726322.086365,0.0
683,1645727520.8800437,0.0
684,1645737426.198702,0.0
685,1645738928.6030905,0.0
686,1645738929.020108,-1.0
687,1645739814.1258166,0.0
688,1645739814.9021363,-1.0
689,1645739815.150169,2.0
690,1645740119.3788767,0.0
691,1645740446.553365,0.0
692,1645741603.8098893,0.0
693,1645741965.4129353,1.0
694,1645742219.7092233,0.0
695,1645742219.877336,-1.0
696,1645742550.075013,0.0
697,1645742550.2787704,-1.0
698,1645742837.355785,0.0
699,1645743437.3390794,-1.0
700,1645744334.1528022,0.0
701,1645806137.3204849,1.0
702,1645807626.0267656,0.0
703,1645807626.3599396,0.0
704,1645807937.8925235,0.0
705,1645807938.2275074,0.0
706,1645807938.3803449,-1.0
707,1645808299.9486315,0.0
708,1645808825.1233852,0.0
709,1645809758.0230656,1.0
710,1645810027.2807968,1.0
711,1645810619.8389928,1.0
712,1645810620.223912,1.0
713,1645810620.3419564,2.0
714,1645811237.1701155,-1.0
715,1645811835.049428,0.0
716,1645812451.0237558,0.0
717,1645812745.5853248,0.0
718,1645824152.259484,1.0
719,1645824153.139582,0.0
720,1645824469.5512884,1.0
721,1645824782.4364293,-1.0
722,1645824782.6686213,0.0
723,1645826304.8951948,0.0
724,1645826305.2100465,0.0
725,1645826305.5027509,0.0
726,1645826305.660275,0.0
727,1645826306.190342,0.0
728,1645826306.56076,0.0
729,1645826889.9403138,0.0
730,1645826890.3101957,0.0
731,1645826890.8369734,1.0
732,1645826890.9579585,0.0
733,1645826891.089208,0.0
734,1645829033.133696,0.0
735,1645829033.608043,0.0
736,1645829033.7640412,-1.0
737,1645829904.2789166,-1.0
738,1645829904.4490802,1.0
739,1645829904.598361,1.0
740,1645831392.1480336,0.0
741,1645893704.9523027,0.0
742,1645895511.8237457,0.0
743,1645895812.3770058,1.0
744,1645895812.7585027,0.0
745,1645897892.6179562,0.0
746,1645898812.0690515,0.0
747,1645899399.605208,1.0
748,1645899999.8827178,0.0
749,1645900000.0618818,0.0
750,1645903615.7837331,-1.0
751,1645903903.173214,0.0
752,1645905103.7224464,0.0
753,1645907190.2647996,0.0
754,1645907826.0040708,0.0
755,1645908396.2748644,0.0
756,1645908396.708696,3.0
757,1645908982.2549777,0.0
758,1645909911.1060276,0.0
759,1645911101.5329597,1.0
760,1645912001.7815034,0.0
761,1645912601.7261598,0.0
762,1645913234.812123,0.0
763,1645913235.0279233,1.0
764,1645914412.561197,1.0
765,1645972890.538864,-1.0
766,1645978585.1475039,0.0
767,1645980701.0770025,0.0
768,1645981916.5839112,0.0
769,1645982785.5265925,0.0
770,1645983997.396585,0.0
771,1645983997.6727302,-1.0
772,1645985500.100881,0.0
773,1645985798.8606281,0.0
774,1645986712.714016,0.0
775,1645987312.9959424,0.0
776,1645988196.0447252,1.0
777,1645989703.1157877,1.0
778,1645990001.4330082,0.0
779,1645990897.2587404,1.0
780,1645993587.7363193,-1.0
781,1645994799.555771,0.0
782,1645996299.9158285,0.0
783,1645996917.735899,0.0
784,1645997504.1638706,0.0
785,1645998104.5739455,2.0
786,1645998104.6821947,0.0
787,1645998705.5529552,0.0
788,1645999290.7087784,0.0
789,1646000586.0562198,0.0
790,1646010196.8059287,-1.0
791,1646010198.5743465,0.0
792,1646013733.8092175,-1.0
793,1646013736.0957828,0.0
794,1646017331.4769397,2.0
795,1646020904.8935068,0.0
796,1646020907.6437483,0.0
797,1646020909.414849,0.0
798,1646020912.3646038,0.0
799,1646024521.7685087,0.0
800,1646028140.5095785,0.0
801,1646028140.6508508,0.0
802,1646028142.4422157,0.0
803,1646031743.6847153,0.0
804,1646031745.72036,-1.0
805,1646031746.8918355,1.0
806,1646035334.8978286,-1.0
807,1646038939.3467155,4.0
808,1646042523.946722,0.0
809,1646046119.8690636,0.0
810,1646053310.8777757,-1.0
811,1646056929.812992,1.0
812,1646056930.4792728,1.0
813,1646060519.1634498,0.0
814,1646060520.1092086,0.0
815,1646064120.8554103,2.0
816,1646064124.9831238,1.0
817,1646067710.2443578,1.0
818,1646067711.3175848,0.0
819,1646067712.6015856,0.0
820,1646071320.1615574,-1.0
821,1646071322.3264437,0.0
822,1646074910.7578225,4.0
823,1646082120.978557,1.0
824,1646085704.671793,1.0
825,1646085705.2233508,4.0
826,1646089338.5533214,0.0
827,1646092948.8545935,0.0
828,1646092951.984437,-1.0
829,1646096571.0224319,4.0
830,1646100153.674639,0.0
831,1646107344.6255393,-1.0
832,1646110948.9262598,1.0
833,1646114560.5285795,-1.0
834,1646114560.9693813,0.0
835,1646114563.3828514,0.0
836,1646118161.5860965,-1.0
837,1646118163.5677974,1.0
838,1646125340.4357226,0.0
839,1646128947.0891247,0.0
840,1646128947.5784912,-1.0
841,1646128947.736408,-1.0
842,1646128951.7954316,0.0
843,1646132546.206252,1.0
844,1646139710.3215008,0.0
845,1646139712.5054336,0.0
846,1646139712.6460388,-1.0
847,1646143312.4446387,0.0
848,1646143312.7870264,4.0
849,1646146910.714562,0.0
850,1646146914.287391,0.0
851,1646154108.776649,0.0
852,1646154110.4140007,0.0
853,1646154111.68734,0.0
854,1646157711.9352133,0.0
855,1646157712.5090117,-1.0
856,1646157714.9739518,-1.0
857,1646161304.2217267,-1.0
858,1646161306.778594,2.0
859,1646164909.3109426,1.0
860,1646164910.8876386,0.0
861,1646168508.0867786,0.0
862,1646168508.4365487,1.0
863,1646168509.7596815,0.0
864,1646172115.2469668,0.0
865,1646175739.997949,0.0
866,1646175741.726178,0.0
867,1646179390.3588984,0.0
868,1646182961.2732298,1.0
869,1646182962.5172846,0.0
870,1646186539.636945,-1.0
871,1646186543.39291,1.0
872,1646190170.0339928,-1.0
873,1646190173.496243,-1.0
874,1646197326.1671402,1.0
875,1646197326.713631,0.0
876,1646197329.0451577,-1.0
877,1646204537.5546658,0.0
878,1646208144.5891297,2.0
879,1646208144.9329262,4.0
880,1646208146.4945447,0.0
881,1646211729.1114874,1.0
882,1646211730.641978,-1.0
883,1646215328.854808,1.0
884,1646222526.82528,0.0
885,1646233312.816401,4.0
886,1646233315.100539,-1.0
887,1646236918.3658473,-1.0
888,1646240513.4355204,4.0
889,1646244104.7298353,1.0
890,1646251305.8372386,1.0
891,1646251306.6701965,-1.0
892,1646251308.2577534,1.0
893,1646254903.7911692,0.0
894,1646254904.5165272,-1.0
895,1646258491.3160496,0.0
896,1646262148.517976,0.0
897,1646262149.276504,0.0
898,1646325449.857088,0.0
899,1646325700.9760368,0.0
900,1646326610.0660841,0.0
901,1646327504.931575,1.0
902,1646327505.0599468,1.0
903,1646328105.1386497,0.0
904,1646328107.1509926,-1.0
905,1646328406.2632427,0.0
906,1646328407.070875,1.0
907,1646328736.2474298,0.0
908,1646329005.3674362,0.0
909,1646330208.5667927,-1.0
910,1646330209.964747,-1.0
911,1646332303.1482964,-1.0
912,1646332303.5478606,-1.0
913,1646341921.1703236,0.0
914,1646341921.5056956,1.0
915,1646341921.9875867,-1.0
916,1646341922.2709825,1.0
917,1646341922.4092832,0.0
918,1646342798.8928683,0.0
919,1646342799.1758478,1.0
920,1646342799.4488776,-1.0
921,1646343420.9458303,0.0
922,1646343708.0983264,0.0
923,1646343992.3155227,0.0
924,1646344308.1488955,0.0
925,1646344308.297272,0.0
926,1646344623.0555892,1.0
927,1646345513.3776667,1.0
928,1646345799.6103146,1.0
929,1646345799.7567458,-1.0
930,1646346416.2307754,1.0
931,1646347312.8978748,0.0
932,1646347898.2584674,-1.0
933,1646411803.0586503,0.0
934,1646412102.0060415,0.0
935,1646412102.5695279,1.0
936,1646412418.5020683,0.0
937,1646412702.9436555,1.0
938,1646412703.366293,-1.0
939,1646413077.7691212,3.0
940,1646413078.138538,0.0
941,1646413603.504147,0.0
942,1646413923.688061,0.0
943,1646414507.537421,0.0
944,1646414507.7812943,0.0
945,1646414508.5547433,0.0
946,1646415107.821842,0.0
947,1646415108.112694,0.0
948,1646416307.9821548,1.0
949,1646416308.359019,0.0
950,1646416308.4958258,-1.0
951,1646416916.7844758,0.0
952,1646417819.3998868,0.0
953,1646418705.1728427,0.0
954,1646428317.5795567,2.0
955,1646428615.3049052,0.0
956,1646428916.7062318,1.0
957,1646430421.9565487,1.0
958,1646431324.1758206,1.0
959,1646431324.509166,2.0
960,1646431610.7203808,0.0
961,1646432519.4132147,0.0
962,1646432520.304463,0.0
963,1646432520.7499225,0.0
964,1646433732.352884,0.0
965,1646434316.2851036,0.0
966,1646434316.447384,0.0
967,1646435827.1620958,1.0
968,1646436129.3091285,2.0
969,1646494896.0068624,0.0
970,1646495784.33161,0.0
971,1646495784.6714451,0.0
972,1646498194.5948317,0.0
973,1646499684.1815975,0.0
974,1646499980.8198266,0.0
975,1646502700.126769,0.0
976,1646502700.4773748,1.0
977,1646503296.72687,1.0
978,1646505982.093661,0.0
979,1646505982.244481,0.0
980,1646507214.5285788,1.0
981,1646507495.3235247,1.0
982,1646508999.3526714,1.0
983,1646508999.4842293,0.0
984,1646510510.9679146,1.0
985,1646511384.0387733,0.0
986,1646512890.4113102,1.0
987,1646516483.4518843,1.0
988,1646517082.077979,1.0
989,1646519183.4545152,-1.0
990,1646579801.7768438,0.0
991,1646580387.761604,1.0
992,1646580388.2950168,0.0
993,1646581599.7339458,1.0
994,1646583100.5601704,2.0
995,1646583100.7380936,0.0
996,1646584001.6814263,0.0
997,1646585214.129223,1.0
998,1646587302.4764004,0.0
999,1646587601.910106,0.0
1000,1646588191.1844416,1.0
1001,1646588804.5193825,0.0
1002,1646590006.8447614,0.0
1003,1646590909.8725417,0.0
1004,1646590910.0325873,0.0
1005,1646591208.294344,0.0
1006,1646592405.964951,0.0
1007,1646594201.9597983,0.0
1008,1646596944.4376743,-1.0
1009,1646598134.3801556,-1.0
1010,1646618534.7007408,1.0
1011,1646629346.2050862,1.0
1012,1646636543.2038603,1.0
1013,1646636543.6942205,0.0
1014,1646636546.3566005,0.0
1015,1646640136.0109189,0.0
1016,1646643730.1949105,-1.0
1017,1646647342.7880974,0.0
1018,1646647342.9537578,-1.0
1019,1646650950.8675103,-1.0
1020,1646658133.2881877,4.0
1021,1646658133.432418,1.0
1022,1646658134.1054149,0.0
1023,1646661742.4872882,0.0
1024,1646661743.5502362,1.0
1025,1646665325.0456438,0.0
1026,1646668922.063578,0.0
1027,1646668922.331913,4.0
1028,1646668922.4953098,4.0
1029,1646668927.9727437,-1.0
1030,1646679721.136236,0.0
1031,1646683336.9572825,1.0
1032,1646683339.6005313,0.0
1033,1646690518.8867688,0.0
1034,1646694156.7584405,1.0
1035,1646694159.1774347,0.0
1036,1646697801.28509,0.0
1037,1646704970.5174577,-1.0
1038,1646719339.2798333,0.0
1039,1646719343.599696,-1.0
1040,1646730136.609211,0.0
1041,1646733747.37547,0.0
1042,1646733749.7312527,4.0
1043,1646737336.464779,0.0
1044,1646740939.7541876,-1.0
1045,1646744531.6375885,2.0
1046,1646744533.113469,0.0
1047,1646755324.0106292,-1.0
1048,1646758918.5076668,-1.0
1049,1646758922.030639,0.0
1050,1646762532.5375912,0.0
1051,1646766129.009844,0.0
1052,1646766131.1074858,0.0
1053,1646769735.5955799,0.0
1054,1646769736.660163,-1.0
1055,1646773316.6228902,1.0
1056,1646773318.5375128,0.0
1057,1646773320.0849214,0.0
1058,1646780534.2781582,0.0
1059,1646787739.209714,-1.0
1060,1646787741.7838922,0.0
1061,1646794952.8647969,0.0
1062,1646794953.2888727,1.0
1063,1646798552.898076,0.0
1064,1646802138.875485,4.0
1065,1646805741.71382,1.0
1066,1646805742.036154,0.0
1067,1646812931.7713296,-1.0
1068,1646812935.1001523,0.0
1069,1646816525.9530492,-1.0
1070,1646816527.9102747,0.0
1071,1646823725.0632288,0.0
1072,1646823726.8593729,-1.0
1073,1646827362.5077026,0.0
1074,1646830932.5431907,1.0
1075,1646830933.094404,-1.0
1076,1646830934.9147894,-1.0
1077,1646834535.06034,0.0
1078,1646834536.4344375,-1.0
1079,1646838162.082101,1.0
1080,1646845324.6415155,1.0
1081,1646845325.1157954,0.0
1082,1646848924.4827437,0.0
1083,1646848926.164175,2.0
1084,1646848927.775746,-1.0
1085,1646856265.543634,0.0
1086,1646856270.3221493,0.0
1087,1646859802.1298165,1.0
1088,1646859802.550849,0.0
1089,1646867006.741859,0.0
1090,1646867007.7510197,-1.0
1091,1646867007.9973023,0.0
1092,1646870643.3695836,1.0
1093,1646870649.3344834,1.0
1094,1646947672.949353,-1.0
1095,1646947673.0732255,0.0
1096,1646947673.6005838,0.0
1097,1646948277.258089,0.0
1098,1646948560.6155689,0.0
1099,1646949166.4525402,0.0
1100,1646949166.994418,0.0
1101,1646949772.4031837,1.0
1102,1646949772.5158763,0.0
1103,1646950071.070933,0.0
1104,1646950972.5947638,0.0
1105,1646951272.5338283,-1.0
1106,1646951273.1258233,0.0
1107,1646952175.2187688,1.0
1108,1646952176.0861084,0.0
1109,1646953075.8139122,1.0
1110,1646953076.5795147,0.0
1111,1646953681.0218577,-1.0
1112,1646954584.866695,0.0
1113,1646954585.1672668,0.0
1114,1646955171.0868225,-1.0
1115,1647001673.3839602,0.0
1116,1647013700.5309103,0.0
1117,1647013998.6276093,1.0
1118,1647013999.2707467,0.0
1119,1647014605.8442297,0.0
1120,1647105789.5500898,0.0
1121,1647121349.833522,0.0
1122,1647121614.6554193,0.0
1123,1647122220.0054045,0.0
1124,1647122819.6657846,-1.0
1125,1647122820.875392,-1.0
1126,1647124029.876394,2.0
1127,1647125539.5800498,2.0
1128,1647125823.2729917,0.0
1129,1647125823.5529504,0.0
1130,1647126420.3286674,0.0
1131,1647127016.3829422,1.0
1132,1647127334.2141893,0.0
1133,1647127657.2297773,-1.0
1134,1647127657.3848715,0.0
1135,1647128216.9054375,2.0
1136,1647175053.0819938,1.0
1137,1647175943.282826,0.0
1138,1647175943.6244087,0.0
1139,1647175944.1186585,0.0
1140,1647176541.3098862,0.0
1141,1647176542.3277636,0.0
1142,1647176542.7885177,0.0
1143,1647176543.024843,0.0
1144,1647186446.5840032,-1.0
1145,1647186447.556695,0.0
1146,1647186448.98183,1.0
1147,1647187031.4373088,0.0
1148,1647187968.0726314,0.0
1149,1647187968.2562897,4.0
1150,1647187968.7759724,1.0
1151,1647188538.1511605,-1.0
1152,1647188823.703548,2.0
1153,1647189737.4829497,0.0
1154,1647189737.884261,1.0
1155,1647189738.4233952,0.0
1156,1647190342.4294243,1.0
1157,1647190943.1250584,0.0
1158,1647191846.0729017,0.0
1159,1647191846.9508896,2.0
1160,1647192741.2592852,0.0
1161,1647192741.5205817,0.0
1162,1647195168.1130047,0.0
1163,1647195430.0533626,0.0
1164,1647196032.4595976,0.0
1165,1647270162.9626305,1.0
1166,1647302625.5440035,-1.0
1167,1647302627.4302762,0.0
1168,1647306172.1606088,2.0
1169,1647306173.793092,0.0
1170,1647306174.404838,0.0
1171,1647309753.7346787,-1.0
1172,1647313384.4199696,-1.0
1173,1647331370.5269268,1.0
1174,1647331370.809031,0.0
1175,1647331371.075996,0.0
1176,1647331374.1454742,-1.0
1177,1647335045.043469,1.0
1178,1647335047.5482414,0.0
1179,1647335047.9447384,1.0
1180,1647349391.4188108,0.0
1181,1647352970.7801464,0.0
1182,1647352971.4381979,0.0
1183,1647352973.6711712,0.0
1184,1647356547.494067,0.0
1185,1647360145.9368382,0.0
1186,1647360147.7668803,0.0
1187,1647363740.10938,0.0
1188,1647367335.4679294,1.0
1189,1647374549.1881864,0.0
1190,1647378138.4933145,-1.0
1191,1647381734.5720725,0.0
1192,1647385359.1111915,1.0
1193,1647388997.7566514,-1.0
1194,1647388999.1403334,-1.0
1195,1647396143.5913134,0.0
1196,1647403347.731902,-1.0
1197,1647403348.0736985,0.0
1198,1647406958.302362,-1.0
1199,1647410590.9390664,0.0
1200,1647428534.7223237,4.0
1201,1647435781.6074831,0.0
1202,1647439349.6779826,0.0
1203,1647439351.018707,0.0
1204,1647439351.4520197,-1.0
1205,1647442947.490644,0.0
1206,1647442947.7040882,0.0
1207,1647442949.0662608,1.0
1208,1647442950.234513,1.0
1209,1647450160.2580462,-1.0
1210,1647453747.407504,0.0
1211,1647453748.5456867,0.0
1212,1647453749.3269129,0.0
1213,1647457367.9858222,0.0
1214,1647460958.396099,0.0
1215,1647460958.633101,1.0
1216,1647464545.97631,0.0
1217,1647471769.2330327,0.0
1218,1647532998.251427,0.0
1219,1647533000.0790021,0.0
1220,1647533898.5989823,1.0
1221,1647534453.7170851,0.0
1222,1647534768.449294,0.0
1223,1647535099.883178,0.0
1224,1647535101.0149293,0.0
1225,1647535368.556528,-1.0
1226,1647537185.4991167,0.0
1227,1647538057.3809865,-1.0
1228,1647538058.06507,0.0
1229,1647538058.6853597,0.0
1230,1647538968.978369,1.0
1231,1647539883.4315765,0.0
1232,1647539883.63067,0.0
1233,1647540200.4060292,0.0
1234,1647540200.6577332,-1.0
1235,1647540454.2506163,0.0
1236,1647540807.9166856,0.0
1237,1647550062.6729813,0.0
1238,1647550375.439942,0.0
1239,1647551571.4535112,0.0
1240,1647551571.770288,0.0
1241,1647552172.6250358,0.0
1242,1647552461.960261,1.0
1243,1647552462.2582185,0.0
1244,1647552462.637721,0.0
1245,1647553101.4420981,2.0
1246,1647554258.9447138,1.0
1247,1647554259.4244719,0.0
1248,1647554621.116496,0.0
1249,1647556073.208388,0.0
1250,1647556073.3538847,0.0
1251,1647556073.5081255,0.0
1252,1647556364.6127675,0.0
1253,1647557269.6771274,0.0
1254,1647557566.6342814,0.0
1255,1647619389.5029728,-1.0
1256,1647619390.4682846,-1.0
1257,1647620006.424131,0.0
1258,1647620007.270485,0.0
1259,1647620907.6541843,0.0
1260,1647620907.8050604,0.0
1261,1647621482.5211062,0.0
1262,1647621482.7773032,0.0
1263,1647621483.0467157,1.0
1264,1647622679.7368233,0.0
1265,1647622994.7054908,0.0
1266,1647623590.3284779,0.0
1267,1647623922.8366752,0.0
1268,1647625711.5276322,0.0
1269,1647625711.722392,0.0
1270,1647625981.224703,1.0
1271,1647626298.988834,0.0
1272,1647627191.051865,0.0
1273,1647637075.3211308,0.0
1274,1647637076.3203661,1.0
1275,1647637385.2569497,2.0
1276,1647637986.3199248,-1.0
1277,1647638234.5535848,0.0
1278,1647638529.0304282,0.0
1279,1647638529.471968,1.0
1280,1647638844.8043213,0.0
1281,1647640094.589965,0.0
1282,1647640926.0466366,0.0
1283,1647641532.7517915,1.0
1284,1647641532.9040236,1.0
1285,1647641533.184482,-1.0
1286,1647643920.993351,0.0
1287,1647643921.1618805,0.0
1288,1647643921.369545,0.0
1289,1647643921.5600905,-1.0
1290,1647644204.7904818,0.0
1291,1647644580.1886272,1.0
1292,1647703879.9231417,0.0
1293,1647705103.98718,0.0
1294,1647706299.1324503,0.0
1295,1647725186.555605,-1.0
1296,1647725788.9811506,1.0
1297,1647726703.7115533,1.0
1298,1647790302.14984,0.0
1299,1647792415.3588324,1.0
1300,1647793364.7307026,1.0
1301,1647794485.308641,1.0
1302,1647794485.6566596,0.0
1303,1647799602.5244768,0.0
1304,1647800509.1396246,0.0
1305,1647802302.4142022,1.0
1306,1647804093.2003608,0.0
1307,1647805064.6361141,2.0
1308,1647805651.9119837,0.0
1309,1647806859.9786062,0.0
1310,1647807463.745799,-1.0
1311,1647808680.0624282,0.0
1312,1647809266.9540794,0.0
1313,1647810174.2516015,0.0
1314,1647813454.3220832,-1.0
1315,1647813454.49062,-1.0
1316,1647824905.6212518,1.0
1317,1647835453.0983183,1.0
1318,1647839057.5117831,-1.0
1319,1647842681.29061,-1.0
1320,1647846358.6898217,1.0
1321,1647846364.4156752,0.0
1322,1647846366.2335255,0.0
1323,1647846371.1884072,-1.0
1324,1647846373.0861366,0.0
1325,1647849934.5978124,0.0
1326,1647853628.2358925,0.0
1327,1647853629.4157298,1.0
1328,1647857132.0699224,0.0
1329,1647864239.6173463,0.0
1330,1647864245.527293,0.0
1331,1647864246.0651124,1.0
1332,1647871493.3747346,0.0
1333,1647875089.1421707,0.0
1334,1647885795.3320072,-1.0
1335,1647885797.334902,-1.0
1336,1647889432.3978467,-1.0
1337,1647889434.5946748,-1.0
1338,1647892969.46862,1.0
1339,1647900155.6652043,0.0
1340,1647907446.280246,-1.0
1341,1647907449.1477313,0.0
1342,1647907455.0095365,-1.0
1343,1647914588.7165084,0.0
1344,1647914592.577107,0.0
1345,1647918186.4348109,0.0
1346,1647918190.9081295,1.0
1347,1647921819.799468,1.0
1348,1647921824.1725605,-1.0
1349,1647936347.3561718,0.0
1350,1647943518.7670145,0.0
1351,1647943522.4219189,0.0
1352,1647943522.6463056,1.0
1353,1647947187.1470351,1.0
1354,1647947188.8441353,-1.0
1355,1647947189.0017662,4.0
1356,1647947189.188012,1.0
1357,1647950702.4143813,0.0
1358,1647950709.7999084,1.0
1359,1647954416.2136269,0.0
1360,1647957883.0667748,0.0
1361,1647957883.5638947,-1.0
1362,1647957884.025984,-1.0
1363,1647961457.9834876,0.0
1364,1647965036.5499136,0.0
1365,1647968639.998566,-1.0
1366,1647968643.9182608,0.0
1367,1647975778.079701,0.0
1368,1647982993.3107862,-1.0
1369,1647982997.0349205,0.0
1370,1647990182.0225968,0.0
1371,1647990183.3438284,0.0
1372,1647993872.3908448,-1.0
1373,1647997449.6728158,0.0
1374,1648001017.3471384,-1.0
1375,1648011859.8590565,-1.0
1376,1648015419.9436278,1.0
1377,1648015420.8436806,0.0
1378,1648015421.3514163,-1.0
1379,1648019087.2971988,0.0
1380,1648019089.2293673,0.0
1381,1648022648.7993076,0.0
1382,1648026240.179011,4.0
1383,1648033418.7505023,-1.0
1384,1648037044.3601108,0.0
1385,1648037045.4095964,0.0
1386,1648037047.6265695,0.0
1387,1648040621.207381,0.0
1388,1648040624.375374,0.0
1389,1648044238.6024904,0.0
1390,1648047774.4273636,0.0
1391,1648047776.0983622,1.0
1392,1648047777.6076026,1.0
1393,1648051357.3042302,-1.0
1394,1648054979.141189,0.0
1395,1648054981.227494,0.0
1396,1648058559.6410685,0.0
1397,1648058560.1378338,1.0
1398,1648062149.3949423,0.0
1399,1648065797.05485,0.0
1400,1648073092.261825,1.0
1401,1648076618.6555583,1.0
1402,1648076619.0876522,0.0
1403,1648076620.476262,0.0
1404,1648080325.6457458,0.0
1405,1648133730.202141,0.0
1406,1648133730.448961,0.0
1407,1648136132.1551442,1.0
1408,1648136736.41925,0.0
1409,1648136737.8817961,0.0
1410,1648137336.0545056,0.0
1411,1648137336.4051664,0.0
1412,1648137655.0273995,0.0
1413,1648138533.8095226,0.0
1414,1648138534.0625474,0.0
1415,1648139133.1668825,0.0
1416,1648139133.6701174,0.0
1417,1648139731.8550239,0.0
1418,1648140333.5512578,0.0
1419,1648152943.0130775,0.0
1420,1648153531.6106193,1.0
1421,1648153840.513067,0.0
1422,1648155045.4768438,0.0
1423,1648155642.0708394,0.0
1424,1648156532.462664,1.0
1425,1648158025.9274514,0.0
1426,1648221659.9317427,0.0
1427,1648222529.8812556,0.0
1428,1648223734.1606212,0.0
1429,1648224083.3107882,-1.0
1430,1648225242.1633008,0.0
1431,1648225823.9396136,0.0
1432,1648227036.4534712,-1.0
1433,1648237539.4510295,0.0
1434,1648237539.70295,0.0
1435,1648237540.0919726,0.0
1436,1648239635.0907006,-1.0
1437,1648239635.409874,0.0
1438,1648239636.4894314,-1.0
1439,1648239936.6386647,-1.0
1440,1648240833.703609,0.0
1441,1648241131.9445066,0.0
1442,1648241732.6405742,0.0
1443,1648241732.8503695,0.0
1444,1648242339.6568701,0.0
1445,1648242933.718714,0.0
1446,1648243534.264812,0.0
1447,1648309235.2994592,0.0
1448,1648314940.6712084,0.0
1449,1648315233.8858411,-1.0
1450,1648317043.376715,0.0
1451,1648317043.6128886,0.0
1452,1648318534.8545613,0.0
1453,1648319134.1217492,-1.0
1454,1648319736.2858624,0.0
1455,1648324861.4207368,0.0
1456,1648324865.0498827,-1.0
1457,1648325433.4756021,0.0
1458,1648325433.7359984,0.0
1459,1648326049.4239197,-1.0
1460,1648326049.6018476,0.0
1461,1648326919.5513718,1.0
1462,1648394191.5491157,1.0
1463,1648395100.8166573,0.0
1464,1648395985.0738857,0.0
1465,1648398389.053408,0.0
1466,1648401692.2792428,0.0
1467,1648402588.6991134,0.0
1468,1648403491.122256,0.0
1469,1648404393.0126376,0.0
1470,1648408889.3268182,0.0
1471,1648409188.167228,0.0
1472,1648410984.8250527,0.0
1473,1648411596.2924652,0.0
1474,1648412187.5383441,0.0
1475,1648412188.5172548,1.0
1476,1648412785.5096414,0.0
1477,1648432997.6260426,0.0
1478,1648432999.0555508,0.0
1479,1648436612.0769548,0.0
1480,1648440231.9479506,-1.0
1481,1648443843.119482,0.0
1482,1648443843.8414745,1.0
1483,1648454666.5530767,-1.0
1484,1648458221.7607157,-1.0
1485,1648461774.9970767,1.0
1486,1648483438.9030871,0.0
1487,1648487050.7211804,-1.0
1488,1648490569.7640238,0.0
1489,1648497776.4764407,2.0
1490,1648504952.7470725,1.0
1491,1648508579.6829975,0.0
1492,1648512238.8844461,1.0
1493,1648512241.4868033,0.0
1494,1648522987.8933032,-1.0
1495,1648526656.532325,0.0
1496,1648526658.2038481,-1.0
1497,1648526658.41306,-1.0
1498,1648533836.0153272,-1.0
1499,1648555408.8690724,4.0
1500,1648559061.1455977,0.0
1501,1648559061.5130453,0.0
1502,1648562663.4682999,0.0
1503,1648562664.7686963,1.0
1504,1648562666.9419127,1.0
1505,1648573457.364182,0.0
1506,1648573459.4427257,0.0
1507,1648577109.2830365,0.0
1508,1648580690.3188095,1.0
1509,1648580691.1733463,0.0
1510,1648580693.584244,2.0
1511,1648587875.939199,1.0
1512,1648587876.633035,-1.0
1513,1648587879.6602597,1.0
1514,1648595090.202258,0.0
1515,1648598757.4397202,0.0
1516,1648602417.9866805,2.0
1517,1648602425.2500646,-1.0
1518,1648602425.7255793,-1.0
1519,1648605884.0558934,2.0
1520,1648624029.512577,0.0
1521,1648627501.663108,0.0
1522,1648631126.9648702,0.0
1523,1648638195.7004786,-1.0
1524,1648638196.205879,0.0
1525,1648638197.653746,0.0
1526,1648645399.5219312,-1.0
1527,1648649032.3250513,0.0
1528,1648652641.5477562,-1.0
1529,1648652643.0413966,-1.0
1530,1648652643.921445,0.0
1531,1648659776.2542949,1.0
1532,1648663410.5065506,0.0
1533,1648670566.104814,4.0
1534,1648685035.973807,0.0
1535,1648685043.4012866,0.0
1536,1648746448.8421962,0.0
1537,1648746764.3337977,0.0
1538,1648746767.9083889,0.0
1539,1648747145.4243684,0.0
1540,1648747653.6120133,0.0
1541,1648748051.5010622,1.0
1542,1648748288.4318156,0.0
1543,1648748289.1824312,-1.0
1544,1648748289.6472511,0.0
1545,1648748860.1587105,-1.0
1546,1648749759.3898048,0.0
1547,1648749760.4617443,0.0
1548,1648750373.2064955,0.0
1549,1648750373.7329953,0.0
1550,1648750660.0972464,0.0
1551,1648750960.201036,0.0
1552,1648751249.8212342,-1.0
1553,1648751250.187533,0.0
1554,1648752194.2134151,-1.0
1555,1648752478.4685605,-1.0
1556,1648752747.4025183,-1.0
1557,1648753538.797947,0.0
1558,1648753539.2963045,0.0
1559,1648762958.4652593,-1.0
1560,1648764173.9422905,0.0
1561,1648765690.2501574,0.0
1562,1648766009.4538682,0.0
1563,1648767161.7468784,0.0
1564,1648767455.2148666,0.0
1565,1648767775.984925,0.0
1566,1648767776.3143547,0.0
1567,1648768489.0951207,1.0
1568,1648768679.7931428,0.0
1569,1648768992.4564695,1.0
1570,1648768992.8336382,0.0
1571,1648769278.8028996,0.0
1572,1648769279.7099245,-1.0
1573,1648769857.7881377,-1.0
1574,1648770457.900915,-1.0
1575,1648772300.9055662,-1.0
1576,1648832290.5834334,0.0
1577,1648832587.754128,0.0
1578,1648834066.5210977,-1.0
1579,1648834388.0065916,-1.0
1580,1648835608.7720807,0.0
1581,1648836193.5915864,-1.0
1582,1648836193.9571528,-1.0
1583,1648836774.6899166,0.0
1584,1648838022.0714538,-1.0
1585,1648838023.281403,1.0
1586,1648838029.2506585,-1.0
1587,1648838298.8263075,0.0
1588,1648838299.0203598,-1.0
1589,1648838299.2109919,0.0
1590,1648839184.1990285,0.0
1591,1648840378.0559325,0.0
1592,1648849989.6082635,3.0
1593,1648850932.4723742,0.0
1594,1648851496.2243998,0.0
1595,1648851496.5610037,0.0
1596,1648851498.3086007,0.0
1597,1648851819.6167817,0.0
1598,1648851819.9973214,0.0
1599,1648852690.3410656,-1.0
1600,1648853311.8663523,-1.0
1601,1648853313.2671726,0.0
1602,1648853913.6609752,-1.0
1603,1648853916.4280849,1.0
1604,1648854213.6910799,0.0
1605,1648854496.5044632,2.0
1606,1648854854.099491,1.0
1607,1648854854.2220478,0.0
1608,1648855077.3592882,0.0
1609,1648856299.2426953,0.0
1610,1648856299.7572162,0.0
1611,1648857217.460379,-1.0
1612,1648857824.5345764,0.0
1613,1648857825.1874316,0.0
1614,1648857825.8617973,0.0
1615,1648858422.1756172,0.0
1616,1648858422.79552,0.0
1617,1648858423.5044622,0.0
1618,1648858423.8111043,-1.0
1619,1648918347.6460416,-1.0
1620,1648918962.1260393,-1.0
1621,1648918963.5992723,-1.0
1622,1648919617.2688935,-1.0
1623,1648919617.800973,-1.0
1624,1648921654.1149516,0.0
1625,1648923149.5288396,-1.0
1626,1648924645.851952,0.0
1627,1648924646.407455,-1.0
1628,1648926449.603683,0.0
1629,1648926449.8736594,-1.0
1630,1648926450.054913,-1.0
1631,1648927059.5084324,0.0
1632,1648930340.617089,-1.0
1633,1648931854.665904,-1.0
1634,1648932745.7424605,0.0
1635,1648932746.2364345,0.0
1636,1648933568.4587216,0.0
1637,1648934266.1755273,-1.0
1638,1648935157.4941597,0.0
1639,1648935745.622368,0.0
1640,1648936042.1070192,-1.0
1641,1648936643.0956447,-1.0
1642,1648936952.8392704,1.0
1643,1649005355.8753266,1.0
1644,1649007486.663196,-1.0
1645,1649008654.0290308,0.0
1646,1649008655.4437287,0.0
1647,1649010468.1374965,-1.0
1648,1649010468.2931597,0.0
1649,1649011067.3778791,-1.0
1650,1649011068.058598,-1.0
1651,1649011666.463464,0.0
1652,1649013464.086089,-1.0
1653,1649014358.473151,0.0
1654,1649014358.7603018,-1.0
1655,1649014974.4474607,-1.0
1656,1649015877.5625608,0.0
1657,1649016459.340613,-1.0
1658,1649017360.6996481,-1.0
1659,1649018253.6847503,-1.0
1660,1649018254.0472193,0.0
1661,1649018871.294624,-1.0
1662,1649019168.8558457,0.0
1663,1649019775.6538298,0.0
1664,1649022194.8360205,-1.0
1665,1649022195.078615,0.0
1666,1649022748.4309537,0.0
1667,1649023062.9466965,0.0
1668,1649034725.38766,0.0
1669,1649034728.9502463,0.0
1670,1649037908.21443,0.0
1671,1649037912.3233624,0.0
1672,1649037914.0690725,2.0
1673,1649041579.8092299,2.0
1674,1649041590.0086274,0.0
1675,1649048717.03088,0.0
1676,1649059610.1018255,0.0
1677,1649063282.1573906,2.0
1678,1649066711.9623187,0.0
1679,1649066722.3651996,0.0
1680,1649073889.3209367,-1.0
1681,1649073893.3243012,-1.0
1682,1649077539.429743,-1.0
1683,1649077544.7444239,0.0
1684,1649077547.9903934,-1.0
1685,1649077548.6145654,0.0
1686,1649081061.4797602,0.0
1687,1649084619.927418,-1.0
1688,1649084620.3054092,0.0
1689,1649088236.1604633,0.0
1690,1649088236.3817213,2.0
1691,1649091852.9332502,0.0
1692,1649091855.4898813,0.0
1693,1649099063.657179,1.0
1694,1649102661.8070908,0.0
1695,1649102663.634813,0.0
1696,1649102667.7306378,0.0
1697,1649106324.3010855,0.0
1698,1649109996.4764946,2.0
1699,1649117135.1385224,4.0
1700,1649120841.9124908,1.0
1701,1649127860.3938968,4.0
1702,1649127862.7100177,0.0
1703,1649131464.9474154,0.0
1704,1649131468.8505545,0.0
1705,1649135093.3717453,1.0
1706,1649135096.2539306,-1.0
1707,1649138683.8420608,0.0
1708,1649142297.3919628,2.0
1709,1649142298.6890786,0.0
1710,1649145867.6740117,1.0
1711,1649149467.8752253,0.0
1712,1649153028.502364,0.0
1713,1649153029.2019114,0.0
1714,1649153030.942098,0.0
1715,1649153031.2747,1.0
1716,1649156596.7782738,0.0
1717,1649160239.901149,-1.0
1718,1649160242.3385298,0.0
1719,1649163836.8158045,1.0
1720,1649163837.6719606,1.0
1721,1649167379.6817956,0.0
1722,1649170981.0663314,0.0
1723,1649181795.2931848,0.0
1724,1649181795.556176,0.0
1725,1649181799.1844704,2.0
